meting	n	prev	prev_se	mov_prev	mov_prev_n	mov_prev_se	mov_prev_slope	mov_prev_slope_se
2003.0	581	0.2736660929432014	0.018512482392662212	0.25734639358860195	1123.0	0.01304740624425276	0.00012708760715501866	0.018831434147587464
2005.0	542	0.23985239852398524	0.018357873169144934	0.25747348119575697	1037.0	0.013578958073149695	-0.0202394386425655	0.019376448793925603
2007.0	495	0.2767676767676768	0.0201295063033548	0.23723404255319147	940.0	0.013822397241841361	0.0026073846024081138	0.019245869109136525
2009.0	445	0.19325842696629214	0.018738937119088896	0.23984142715559958	1009.0	0.01339196819943775	-0.004770337108206207	0.018660737801019168
2011.0	564	0.2765957446808511	0.018852071546861547	0.23507109004739338	1055.0	0.012995319273632091	-0.09221394719025053	0.016854126866733595
2013.0	491	0.18737270875763748	0.0176279101965861	0.14285714285714285	1050.0	0.010732346873648721	-0.03571428571428571	0.014023520732224232
2015.0	559	0.1037567084078712	0.012909337418915177	0.10714285714285714	1176.0	0.009026398191460722	-0.001748666271487842	0.012642445940407282
2017.0	617	0.11021069692058347	0.012617261625130272	0.1053941908713693	1205.0	0.008851868449390511		
2019.0	588	0.10034013605442177	0.012401021633945767					
