meting	n	prev	prev_se	mov_prev	mov_prev_n	mov_prev_se	mov_prev_slope	mov_prev_slope_se
2003.0	651	0.32565284178187404	0.018380720184319545	0.30150753768844224	1194.0	0.013269919111330186	-0.08096088358853648	0.018323209419796888
2005.0	543	0.27255985267034993	0.019126254601912307	0.22054665409990576	1061.0	0.012635238431485465	-0.07878420199262606	0.016608885800159328
2007.0	518	0.16602316602316602	0.01636500218904972	0.1417624521072797	1044.0	0.01077988113581253	-0.04467507346650301	0.013906276061993105
2009.0	526	0.11787072243346007	0.014073089160757054	0.09708737864077668	1133.0	0.00878513953276302	-0.03936242108559841	0.011091350104528972
2011.0	607	0.07907742998352553	0.010962295871612652	0.05772495755517827	1178.0	0.006770477865787554	-0.014686982871633968	0.008977927144042738
2013.0	571	0.03502626970227671	0.007700470495197268	0.043037974683544304	1185.0	0.005896083892942856	-0.00042001425736470227	0.008113059704883957
2015.0	614	0.050488599348534204	0.008843343934755717	0.0426179604261796	1314.0	0.005572964426801196	2.909839734981101e-05	0.007815728742385819
2017.0	700	0.03571428571428571	0.007019161950861625	0.04264705882352941	1360.0	0.005479752117766299		
2019.0	660	0.05	0.00848992976622942					
