meting	n	prev	prev_se	mov_prev	mov_prev_n	mov_prev_se	mov_prev_slope	mov_prev_slope_se
2003.0	1902	0.3401682439537329	0.010866068342320137	0.3140110690358287	3433.0	0.007907904454629557	-0.07769344802981798	0.010911326588969886
2005.0	1531	0.28151534944480733	0.011497782038794173	0.23631762100601073	3161.0	0.007518117787559012	-0.07546550615574832	0.00989341665312918
2007.0	1630	0.19386503067484662	0.009794743725009089	0.1608521148502624	3239.0	0.006430987327370702	-0.04272767842104688	0.008524259592889286
2009.0	1609	0.127408328154133	0.008314984004761609	0.11812443642921552	3327.0	0.005595123198121954	-0.034900321095008444	0.007485348731514604
2011.0	1718	0.10942956926658906	0.007533838964938913	0.08322411533420708	3052.0	0.004972428182510517	-0.02993257928405034	0.006367661933451129
2013.0	1334	0.049475262368815595	0.005939647753918114	0.05329153605015674	3190.0	0.003977697382720023	6.379948339661767e-05	0.005451503737840729
2015.0	1856	0.05603448275862069	0.005339908208655872	0.05335533553355336	3636.0	0.0037278434161313327	1.1093259496594565e-05	0.005438561417289266
2017.0	1780	0.05056179775280899	0.005194654057951775	0.05336642879304995	3223.0	0.003959941130172734		
2019.0	1443	0.05682605682605683	0.006096590535071969					
