meting	n	prev	prev_se	mov_prev	mov_prev_n	mov_prev_se	mov_prev_slope	mov_prev_slope_se
2003.0	592	0.28885135135135137	0.018643337254440926	0.2777284826974268	1127.0	0.013348591446154724	0.000714631075028338	0.01946545657453731
2005.0	535	0.26542056074766357	0.019108035384486625	0.2784431137724551	1002.0	0.014167537049848952	-0.02844311377245512	0.020294023721521493
2007.0	467	0.29336188436830835	0.021091497441135063	0.25	880.0	0.014530254393878804	0.0024807056229327884	0.020425912367307023
2009.0	413	0.2009685230024213	0.019742282243110035	0.2524807056229328	907.0	0.014355821233425544	0.0021438863248365303	0.02027146712261423
2011.0	494	0.29554655870445345	0.020550180523748154	0.2546245919477693	919.0	0.014312329510501003	-0.09261341876341178	0.01883673000347827
2013.0	425	0.20705882352941177	0.019678157314696722	0.16201117318435754	895.0	0.012246616724907355	-0.03255143822003542	0.016279851925906072
2015.0	470	0.12127659574468085	0.015073988318127946	0.12945973496432212	981.0	0.010726320782199601	-0.005308425555980711	0.01485160023944263
2017.0	511	0.136986301369863	0.01522517617058113	0.1241513094083414	1031.0	0.010272101642291382		
2019.0	520	0.11153846153846154	0.013818088249922589					
