meting	n	prev	prev_se	mov_prev	mov_prev_n	mov_prev_se	mov_prev_slope	mov_prev_slope_se
2003.0	602	0.2857142857142857	0.01842742804213388	0.2663793103448276	1160.0	0.0129772431755827	-0.0025813683429566914	0.01871045949198378
2005.0	558	0.24551971326164876	0.018236417865243566	0.2637979420018709	1069.0	0.013478592432556084	-0.018963231258069257	0.019269523284161892
2007.0	511	0.2837573385518591	0.019962666693341857	0.24483471074380164	968.0	0.013771059277916827	0.0010350657382197648	0.01919990585573993
2009.0	457	0.2013129102844639	0.018777670952423976	0.2458697764820214	1029.0	0.01337887555938007	-0.0054224325864016265	0.018647330667879897
2011.0	572	0.28146853146853146	0.018820006367888272	0.24044734389561978	1073.0	0.012989558491491415	-0.09319664492078286	0.016858764502283408
2013.0	501	0.1936127744510978	0.017670702760243927	0.14725069897483692	1073.0	0.010746595309193249	-0.034946817884828674	0.014068520550768989
2015.0	572	0.10664335664335664	0.012916988848926161	0.11230388109000825	1211.0	0.009079314938244792	0.0013870716722015203	0.012776098304609807
2017.0	639	0.11737089201877934	0.012742627453891766	0.11369095276220977	1249.0	0.00898858877361839		
2019.0	610	0.10983606557377049	0.012670648255457903					
