meting	n	prev	prev_se	mov_prev	mov_prev_n	mov_prev_se	mov_prev_slope	mov_prev_slope_se
2003.0	622	0.39389067524115756	0.019607288204221043	0.33485818847209514	1093.0	0.01413954563286382	0.003917321731986501	0.020557910425831227
2005.0	471	0.25690021231422505	0.020153796602738017	0.33877551020408164	980.0	0.014923167571687384	0.004735940177597708	0.021500608500813645
2007.0	509	0.41453831041257366	0.021857461455648552	0.34351145038167935	917.0	0.015478218099400138	-0.03253584062558179	0.021342396781355945
2009.0	408	0.2549019607843137	0.02160210604737713	0.31097560975609756	984.0	0.014694307225597083	-0.0007030730684665643	0.02093063768850818
2011.0	576	0.3506944444444444	0.019900091810155132	0.310272536687631	954.0	0.01490533224075748	-0.09843821716100379	0.02046769262630875
2013.0	378	0.24867724867724866	0.022261817692400182	0.2118343195266272	845.0	0.014027027918903175	-0.028368860862980544	0.019151911205136946
2015.0	467	0.18201284796573874	0.017874393122213242	0.18346545866364666	883.0	0.0130398692697343	-0.03187908968597336	0.017895709701096083
2017.0	416	0.18509615384615385	0.019064605928865334	0.1515863689776733	851.0	0.012256354887736546		
2019.0	435	0.11954022988505747	0.015572808285264318					
