meting	n	prev	prev_se	mov_prev	mov_prev_n	mov_prev_se	mov_prev_slope	mov_prev_slope_se
2003.0	725	0.35172413793103446	0.01774645979510452	0.30959520239880056	1334.0	0.012604838457370699	-0.03957816662367275	0.018082038609190193
2005.0	609	0.2594417077175698	0.01777656037335405	0.2700170357751278	1174.0	0.01296449643171047	-0.020477440931665564	0.018434164200409872
2007.0	565	0.2814159292035398	0.018935360556959855	0.24953959484346225	1086.0	0.0131049701273921	0.00046040515653775205	0.018512972832789923
2009.0	521	0.21497120921305182	0.018014875713321037	0.25	1092.0	0.013076311447337832	-0.00506607929515418	0.018248181491687582
2011.0	571	0.2819614711033275	0.01884652696920599	0.24493392070484582	1135.0	0.0127281658806676	-0.08703918386274057	0.016527398570351508
2013.0	564	0.2074468085106383	0.01708887177240269	0.15789473684210525	1178.0	0.010542708229741838	-0.035414116687066496	0.013947143767329693
2015.0	614	0.11237785016286644	0.01275628424957105	0.12248062015503876	1290.0	0.00913094313031777	-0.0018735914010451354	0.012965621177897558
2017.0	676	0.13165680473372782	0.013014139917002121	0.12060702875399362	1252.0	0.009205064371293033		
2019.0	576	0.1076388888888889	0.012924715688582987					
