meting	n	prev	prev_se	mov_prev	mov_prev_n	mov_prev_se	mov_prev_slope	mov_prev_slope_se
2003.0	567	0.8059964726631393	0.016621230342181006	0.7900763358778626	1048.0	0.012580848606191299	-0.007425263753106259	0.018008027850179124
2005.0	481	0.7713097713097713	0.019169800902713252	0.7826510721247564	1026.0	0.012884537841960862	0.006878842405158236	0.018544873531127763
2007.0	545	0.7926605504587156	0.017381415563608615	0.7895299145299146	936.0	0.01333795407416751	0.0007271896649432286	0.02006888588781549
2009.0	391	0.7851662404092071	0.020796955850394972	0.7902571041948578	739.0	0.014995304661578501	-0.062315927724269526	0.022578854558995443
2011.0	348	0.7959770114942529	0.021633414800436724	0.7279411764705883	680.0	0.016880329123056554	-0.09770165551250454	0.025175756688985484
2013.0	332	0.6566265060240963	0.026099283920834174	0.6302395209580838	668.0	0.01867814802276409	-0.018576989940713995	0.02538230090650974
2015.0	336	0.6041666666666666	0.02671850527343239	0.6116625310173698	806.0	0.017186855027849595	-0.004987918383281498	0.02408975272823698
2017.0	470	0.6170212765957447	0.022446620918732983	0.6066746126340883	839.0	0.016879816372202695		
2019.0	369	0.5934959349593496	0.02560456556106472					
