meting	n	prev	prev_se	mov_prev	mov_prev_n	mov_prev_se	mov_prev_slope	mov_prev_slope_se
2003.0	585	0.3111111111111111	0.019156930666439465	0.27874885004599814	1087.0	0.013570951840262958	-0.001267526673532804	0.019923781536504846
2005.0	502	0.2410358565737052	0.019108763830470915	0.27748132337246534	937.0	0.014587197704275997	0.004827334093030267	0.02157641734866406
2007.0	435	0.3195402298850575	0.022383043253245097	0.2823086574654956	797.0	0.01589828445902565	-0.0007552594072431917	0.02229325221119193
2009.0	362	0.23756906077348067	0.022399668709009314	0.2815533980582524	824.0	0.01562797636969411	-0.011968144602031217	0.021651198394709595
2011.0	462	0.31601731601731603	0.02165347141414375	0.2695852534562212	868.0	0.014984683730908631	-0.10557614183890912	0.01945081841324078
2013.0	406	0.21674876847290642	0.02047393644795803	0.16400911161731208	878.0	0.012401354378837371	-0.02759988393426291	0.01648941551517509
2015.0	472	0.11864406779661017	0.01490006718328543	0.13640922768304917	997.0	0.010867715196976234	0.0036559188967554	0.015778086008762234
2017.0	525	0.1523809523809524	0.015700014448650563	0.14006514657980457	921.0	0.01143856479184825		
2019.0	396	0.12373737373737374	0.016567960240369328					
