meting	n	prev	prev_se	mov_prev	mov_prev_n	mov_prev_se	mov_prev_slope	mov_prev_slope_se
2003.0	2559	0.3614693239546698	0.009498966072587685	0.3357583774250441	4536.0	0.007000038944627355	-0.07868461684463302	0.009734161423944654
2005.0	1977	0.3024785027819929	0.010333146474385803	0.2570737605804111	4135.0	0.00676412251523526	-0.07566094668695883	0.008963347491328854
2007.0	2158	0.2154772937905468	0.008852754945276466	0.18141281389345226	4261.0	0.005881177165261957	-0.04666104084380687	0.00782596903885789
2009.0	2103	0.14645744174988112	0.007711732492331616	0.1347517730496454	4371.0	0.005163094667732097	-0.03987692203653455	0.0068484379875946326
2011.0	2268	0.12389770723104056	0.006919636537887489	0.09487485101311084	4195.0	0.004499283978808807	-0.030754480642740473	0.00584283821563067
2013.0	1927	0.06071613907628438	0.005441546719633026	0.06412037037037037	4320.0	0.003727626871357779	-0.001412037037037031	0.005112898635972253
2015.0	2393	0.06686167989970748	0.005107178847258353	0.06270833333333334	4800.0	0.003499504303420464	-0.0005908996448273363	0.005045470600279477
2017.0	2407	0.05857914416285833	0.004787575185443902	0.062117433688506	4411.0	0.0036345898267378398		
2019.0	2004	0.06636726546906188	0.005561917240172734					
