meting	n	prev	prev_se	mov_prev	mov_prev_n	mov_prev_se	mov_prev_slope	mov_prev_slope_se
2003.0	1015	0.32413793103448274	0.01469856668598858	0.2994231777661248	1907.0	0.010476148870555034	-0.019472077521626052	0.015266306523781898
2005.0	892	0.2713004484304933	0.014895691010340556	0.27995110024449876	1636.0	0.011104522489510039	-0.03936532618592137	0.01578079618231294
2007.0	744	0.2903225806451613	0.0166523869662141	0.2405857740585774	1434.0	0.011212631645945942	-0.015299963702155084	0.015569051401856764
2009.0	690	0.18695652173913044	0.01485311638527837	0.2252858103564223	1487.0	0.010801493097067166	0.012476427405815477	0.015595047801220733
2011.0	797	0.2584692597239649	0.01551716918690433	0.2377622377622378	1430.0	0.01124870049367348	-0.06975639408071843	0.015086013339420787
2013.0	633	0.21169036334913113	0.016249515738365826	0.16800584368151936	1369.0	0.010052588506489856	-0.03619079882299625	0.013421655959712012
2015.0	736	0.13043478260869565	0.012422360248447204	0.1318150448585231	1449.0	0.008893048578528122	-0.0007534459070158983	0.012402056352597883
2017.0	713	0.1332398316970547	0.012735808302850652	0.1310615989515072	1526.0	0.0086443443217489		
2019.0	813	0.12915129151291513	0.011769085506610016					
