meting	n	prev	prev_se	mov_prev	mov_prev_n	mov_prev_se	mov_prev_slope	mov_prev_slope_se
2003.0	902	0.442350332594235	0.016546323359025956	0.38079686479425207	1531.0	0.0122741926736778	-0.022980153203955578	0.01742375732930898
2005.0	629	0.29252782193958665	0.018153419749899247	0.3578167115902965	1484.0	0.012366548171582992	-0.0029556004791853607	0.017592307699557348
2007.0	855	0.4058479532163743	0.016803569379603405	0.3548611111111111	1440.0	0.012512305004107842	-0.0063034188034188365	0.01707798840489338
2009.0	585	0.28034188034188035	0.018586631227601597	0.3485576923076923	1664.0	0.011623248747310307	-0.02664699656522085	0.015680261577768095
2011.0	1079	0.3855421686746988	0.01482424569842217	0.32191069574247144	1926.0	0.010524765636601116	-0.12017659169622869	0.014251829041537722
2013.0	847	0.2408500590318772	0.014701172662583913	0.20173410404624276	1730.0	0.00960957539768737	-0.0278746712472292	0.013451308637480435
2015.0	883	0.16421291053227632	0.012474328766349288	0.17385943279901356	1622.0	0.009412426081352109	0.010547346862003398	0.013809354910395857
2017.0	739	0.18538565629228687	0.014304935696309936	0.18440677966101696	1475.0	0.010104678040608555		
2019.0	736	0.18342391304347827	0.014275214292078335					
