meting	n	prev	prev_se	mov_prev	mov_prev_n	mov_prev_se	mov_prev_slope	mov_prev_slope_se
2003.0	1755	0.6968660968660969	0.01097430761094943	0.7051482059282372	3205.0	0.00805520618942481	-0.0005095186451826716	0.011426848363699815
2005.0	1450	0.7151724137931035	0.01185665570767569	0.7046386872830546	3169.0	0.008104721881276457	-0.027219332444344824	0.011577763977347513
2007.0	1719	0.6957533449680047	0.011100153328651788	0.6774193548387097	3193.0	0.008267895859426649	-0.02524544179523147	0.011939766855304623
2009.0	1474	0.6560379918588873	0.012377084609039055	0.6521739130434783	3059.0	0.008613938159558993	-0.05217391304347829	0.012368778366040323
2011.0	1585	0.6485804416403785	0.011995470850932636	0.6	3015.0	0.00887618992876564	-0.07488731487443656	0.01260964307930408
2013.0	1430	0.5461538461538461	0.013170301389415452	0.5251126851255634	3106.0	0.008956358129056737	-0.04513811424190162	0.012622888657391501
2015.0	1676	0.5071599045346062	0.012215691786840309	0.4799745708836618	3146.0	0.008894996746541413	-0.024031563759552288	0.013121697135994644
2017.0	1470	0.4489795918367347	0.012977356777812433	0.4559430071241095	2667.0	0.009646655825092328		
2019.0	1197	0.4644945697577276	0.014421375011077354					
